0 1 0.53314 0.463819 0.0185046 0.114691 0.536397 0.423438 0.531934 0.507482 -345.207 123.794 67.3363 -345.117 123.749 65.841 22.3097 2.77504 15.4049 9.3649
0 1 0.540163 0.502174 0.0253475 0.123081 0.539695 0.458335 0.537662 0.549205 -345.317 125.134 67.3602 -345.307 125.13 65.855 22.0643 4.05816 3.8849 -58.9151
0 2 0.818889 0.814908 0.0386981 0.161161 0.826709 0.756158 0.809362 0.878208 -350.292 130.936 67.1188 -350.327 130.998 65.6198 17.2223 9.92823 5.59552 -57.6045
0 2 0.754158 0.837264 0.0458902 0.163156 0.761322 0.777814 0.744016 0.901928 -349.073 131.341 67.135 -349.048 131.407 65.636 18.3831 10.3012 10.7555 11.1955
0 2 0.77294 0.731745 0.0385211 0.149697 0.778739 0.677842 0.76559 0.78819 -349.863 129.815 67.1728 -349.928 129.789 65.6737 17.6185 8.87364 -5.52448 -5.48448
0 2 0.70515 0.738951 0.0361921 0.144395 0.714758 0.687889 0.69894 0.795634 -348.611 130.105 67.1936 -348.567 130.031 65.6972 18.8734 9.07181 8.63552 14.5155
0 3 0.354994 0.400891 0.0198868 0.106699 0.352132 0.363378 0.358126 0.441472 -339.275 121.683 67.4097 -339.301 121.673 65.9058 28.2788 0.689154 0.101197 -6.2588
0 3 0.306651 0.367545 0.0265964 0.0989046 0.304487 0.333333 0.312044 0.406405 -337.192 120.285 67.4529 -337.227 120.259 65.9623 30.2279 -0.671872 21.0612 20.7412
0 3 0.351775 0.368396 0.0226991 0.0988168 0.348997 0.33418 0.35575 0.406691 -338.688 120.1 67.4113 -338.738 120.04 65.9126 28.7712 -0.838852 1.1812 1.0212
0 4 0.688506 0.634207 0.0310055 0.141003 0.689407 0.583405 0.683361 0.685946 -348.549 128.169 67.2498 -348.635 128.141 65.7538 18.8652 7.15726 -12.0608 -12.1808
0 4 0.632042 0.620298 0.0329594 0.132119 0.634068 0.573861 0.626632 0.673758 -347.387 128.096 67.2856 -347.382 128.025 65.7865 20.0258 7.13463 8.33917 8.73917
0 4 0.678926 0.706125 0.0352756 0.146455 0.68423 0.653656 0.673489 0.763956 -348.153 129.603 67.2384 -348.149 129.593 65.7339 19.3912 8.51057 5.45917 17.8592
0 5 0.383106 0.45818 0.0306932 0.114858 0.382023 0.417673 0.387257 0.50394 -340.828 123.975 67.3757 -340.852 123.995 65.8717 26.677 2.90301 -0.945795 -7.3458
0 5 0.418495 0.419273 0.0161391 0.108593 0.418036 0.380945 0.421189 0.460507 -341.467 122.015 67.2659 -341.478 122.029 65.7612 26.092 1.08445 6.7342 6.7342
0 5 0.376538 0.391898 0.0282241 0.102121 0.375342 0.356406 0.379709 0.432128 -339.863 121.074 67.3402 -339.858 121.041 65.8359 27.6143 0.16527 7.7742 1.3742
0 5 0.335292 0.399572 0.0272439 0.103626 0.333105 0.363706 0.338749 0.440851 -338.736 121.909 67.4701 -338.706 121.838 65.9715 28.4409 0.791861 2.0542 2.1742
